397
628
594
057
042
399
903
449
788
957
635
164
404
756
143
113
946
886
567
572
017
910
223
045
307
836
961
082
787
831
652
923
956
158
900
328
336
182
475
270
976
197
881
483
516
638
366
738
067
361
451
818
249
671
902
351
918
394
251
697
905
678
999
639
804
302
259
484
300
805
107
148
925
322
150
692
073
034
465
551
970
048
776
909
031
044
800
384
762
571
502
730
579
974
602
920
503
683
626
944
132
690
458
826
146
789
500
023
358
657
280
943
355
337
883
554
660
283
791
913
171
932
586
225
429
401
824
246
382
640
360
521
722
256
473
288
169
183
129
387
028
620
849
136
444
314
074
854
009
779
244
453
878
811
226
053
162
318
876
505
634
214
434
448
007
329
313
096
523
316
801
271
981
410
501
978
252
301
004
947
549
072
636
022
719
885
915
185
764
213
334
702
411
898
520
310
258
625
708
137
025
670
077
157
414
988
819
924
560
030
827
088
780
049
651
151
982
941
287
574
052
282
487
200
152
778
699
342
013
159
557
219
210
403
145
008
807
488
863
751
412
471
893
806
423
619
745
772
332
616
645
858
926
364
019
797
622
847
173
354
485
998
871
347
369
461
952
348
859
917
725
731
723
468
963
208
802
341
108
877
178
685
498
661
931
654
647
808
305
584
149
555
493
286
186
631
217
409
155
975
820
198
578
550
472
362
298
696
075
459
333
104
470
041
711
078
894
937
715
279
134
512
378
627
089
297
275
193
508
741
140
803
675
011
757
321
736
165
540
728
490
079
684
324
758
091
837
156
781
553
959
601
682
938
367
242
345
799
844
542
513
230
398
344
499
528
735
478
071
106
024
377
511
035
547
315
812
462
681
245
674
644
676
792
440
556
425
353
992
420
363
069
611
016
195
191
380
939
733
194
953
983
187
857
510
732
996
548
327
463
419
904
087
724
949
405
061
965
356
532
600
293
892
441
406
689
845
372
221
457
090
777
323
460
126
068
059
565
617
838
817
095
209
739
084
518
278
371
168
086
043
504
319
046
726
950
534
400
121
312
558
020
207
492
828
239
083
215
424
092
211
977
580
330
680
180
442
569
740
386
577
268
951
247
006
855
980
346
486
243
714
686
929
613
721
563
630
773
235
047
614
935
862
568
012
612
416
604
766
507
869
160
175
874
524
856
669
135
967
526
094
303
734
768
196
606
727
796
687
117
872
396
415
545
390
753
842
325
623
495
238
972
413
809
274
264
940
767
955
365
718
263
641
202
227
704
265
426
026
285
609
691
785
421
822
199
290
546
110
995
141
888
936
306
656
529
216
710
835
439
668
166
840
000
588
138
519
582
659
954
860
220
452
713
583
795
040
408
541
536
506
884
610
120
450
786
621
250
848
813
477
352
833
662
261
705
331
062
218
564
814
607
015
535
446
839
097
573
968
122
080
914
921
850
882
986
064
769
125
533
544
648
248
688
443
338
272
269
474
514
133
665
497
101
311
464
430
912
482
109
277
815
537
771
476
375
144
993
177
770
056
916
172
706
750
037
098
174
295
447
190
395
930
370
624
335
118
115
051
154
139
167
990
861
128
589
945
105
911
437
653
179
123
747
761
391
192
865
241
899
204
294
875
784
085
491
531
029
598
381
417
119
599
701
746
050
418
376
153
304
677
873
266
755
774
181
076
846
340
212
509
201
267
407
517
112
188
698
481
823
422
821
431
790
203
291
649
032
908
229
919
299
257
712
142
597
841
373
543
427
002
825
359
798
816
991
566
646
615
754
111
255
834
717
907
320
232
253
308
428
292
522
593
273
240
392
374
587
039
673
289
552
339
260
979
605
309
922
664
596
559
065
003
005
629
590
897
742
036
539
127
350
948
066
973
737
432
445
116
060
147
435
184
672
254
038
205
709
099
880
455
233
595
942
642
237
562
650
695
608
317
228
592
027
222
867
906
206
570
851
891
496
889
997
663
985
393
385
794
729
971
001
879
765
469
276
234
832
760
561
743
163
349
124
591
830
783
388
436
456
131
368
716
752
618
438
402
281
480
962
895
763
296
887
284
703
890
901
033
576
054
389
479
632
927
793
103
633
984
224
100
357
864
655
021
810
775
643
958
637
966
494
969
694
130
063
102
466
843
527
515
581
658
379
693
679
744
070
964
585
707
575
383
994
467
176
866
525
018
114
666
093
262
782
989
700
326
433
829
934
161
603
189
170
530
868
667
058
749
748
010
454
236
055
896
081
343
759
231
960
870
014
853
928
538
489
852
987
720
933